{
 "cells": [
  {
   "cell_type": "markdown",
   "id": "69e01206",
   "metadata": {},
   "source": [
    "# <font color = 'orange'> Logistic Regression Multiclass Classification"
   ]
  },
  {
   "cell_type": "markdown",
   "id": "a2e8db68",
   "metadata": {},
   "source": [
    "---"
   ]
  },
  {
   "cell_type": "markdown",
   "id": "cd8c284b",
   "metadata": {},
   "source": [
    "### Two Types of multiclass classification technique\n",
    "1. One Versus Rest (OVR).\n",
    "2. Multinomial."
   ]
  },
  {
   "cell_type": "markdown",
   "id": "570bfcce",
   "metadata": {},
   "source": [
    "### muti_class parameter is only additional between binary and multiclass in python\n",
    "classifier = LogisticRegression(multi_class= 'ovr')"
   ]
  },
  {
   "cell_type": "markdown",
   "id": "18214455",
   "metadata": {},
   "source": [
    "---"
   ]
  },
  {
   "cell_type": "markdown",
   "id": "012f4926",
   "metadata": {},
   "source": [
    "### <font color = 'Blue'> 1. Create Dataset and Separate independent and dependent feauture"
   ]
  },
  {
   "cell_type": "code",
   "execution_count": 1,
   "id": "ba0ae8b5",
   "metadata": {},
   "outputs": [],
   "source": [
    "from sklearn.datasets import make_classification\n",
    "\n",
    "# creating 1000 data points with 10 features and 3 classes dependent feautre\n",
    "x , y = make_classification(n_samples=1000, n_features=10 , n_informative=5, n_redundant=5, n_classes=3,random_state=1)"
   ]
  },
  {
   "cell_type": "markdown",
   "id": "d4d7da57",
   "metadata": {},
   "source": [
    "---"
   ]
  },
  {
   "cell_type": "markdown",
   "id": "f7ed4d61",
   "metadata": {},
   "source": [
    "### <font color = 'Blue'> 2. Train test split"
   ]
  },
  {
   "cell_type": "code",
   "execution_count": 2,
   "id": "216343bd",
   "metadata": {},
   "outputs": [],
   "source": [
    "from sklearn.model_selection import train_test_split\n",
    "\n",
    "x_train, x_test, y_train, y_test = train_test_split(x,y,test_size=0.3)"
   ]
  },
  {
   "cell_type": "markdown",
   "id": "edf56ef5",
   "metadata": {},
   "source": [
    "---"
   ]
  },
  {
   "cell_type": "markdown",
   "id": "e4e6c100",
   "metadata": {},
   "source": [
    "### <font color = 'Blue'> 3. Hyperparameter Tuning"
   ]
  },
  {
   "cell_type": "code",
   "execution_count": 3,
   "id": "84b5ca88",
   "metadata": {},
   "outputs": [
    {
     "name": "stdout",
     "output_type": "stream",
     "text": [
      "Best Prameters\n",
      "{'C': 1, 'multi_class': 'ovr', 'penalty': 'l1', 'solver': 'liblinear'}\n",
      "\n",
      "Best Score\n",
      "0.71\n",
      "\n"
     ]
    }
   ],
   "source": [
    "from sklearn.model_selection import GridSearchCV\n",
    "from sklearn.linear_model import LogisticRegression\n",
    "from warnings import filterwarnings\n",
    "filterwarnings('ignore')\n",
    "\n",
    "# logistic regression parameter to be tuned\n",
    "parameters = {'penalty':('l1', 'l2', 'elasticnet'),'C':[1,2,3],'solver':('lbfgs', 'liblinear', 'newton-cg', 'newton-cholesky', 'sag', 'saga'),'multi_class':('ovr', 'multinomial')}\n",
    "\n",
    "# grid search cross validation\n",
    "estimator = LogisticRegression()\n",
    "grid_search_clf = GridSearchCV(estimator,param_grid = parameters,scoring = 'accuracy',cv = 5)\n",
    "\n",
    "# fitting our data to grid search cross validation to select best logistic regression parameters\n",
    "grid_search_clf.fit(x_train,y_train)\n",
    "\n",
    "# best parameters indentified by grid search cross validation \n",
    "print('Best Prameters')\n",
    "print(grid_search_clf.best_params_)\n",
    "print()\n",
    "\n",
    "# knowing accuracy by best parameters\n",
    "print('Best Score')\n",
    "print(grid_search_clf.best_score_)\n",
    "print()"
   ]
  },
  {
   "cell_type": "markdown",
   "id": "449633c4",
   "metadata": {},
   "source": [
    "---"
   ]
  },
  {
   "cell_type": "markdown",
   "id": "5d63b787",
   "metadata": {},
   "source": [
    "### <font color = 'Blue'> 4. Model Training"
   ]
  },
  {
   "cell_type": "code",
   "execution_count": 4,
   "id": "bcc692c0",
   "metadata": {},
   "outputs": [
    {
     "data": {
      "text/plain": [
       "LogisticRegression(C=1, multi_class='ovr', penalty='l1', solver='liblinear')"
      ]
     },
     "execution_count": 4,
     "metadata": {},
     "output_type": "execute_result"
    }
   ],
   "source": [
    "# model creation\n",
    "classifier = LogisticRegression(C=1, multi_class= 'ovr', penalty= 'l1', solver= 'liblinear')\n",
    "\n",
    "# model training\n",
    "classifier.fit(x_train,y_train)"
   ]
  },
  {
   "cell_type": "markdown",
   "id": "3df97d12",
   "metadata": {},
   "source": [
    "---"
   ]
  },
  {
   "cell_type": "markdown",
   "id": "2cc5faba",
   "metadata": {},
   "source": [
    "### <font color = 'Blue'> 5. Prediction"
   ]
  },
  {
   "cell_type": "code",
   "execution_count": 5,
   "id": "d93d7886",
   "metadata": {},
   "outputs": [
    {
     "data": {
      "text/plain": [
       "array([2, 1, 0, 2, 0, 0, 0, 2, 1, 0, 0, 2, 1, 1, 2, 0, 2, 0, 2, 0, 2, 0,\n",
       "       0, 1, 1, 1, 1, 0, 0, 2, 2, 0, 2, 1, 1, 0, 1, 0, 1, 0, 0, 0, 0, 0,\n",
       "       0, 1, 1, 1, 0, 0, 0, 1, 2, 1, 0, 2, 2, 1, 1, 1, 0, 2, 2, 1, 0, 1,\n",
       "       1, 2, 0, 0, 0, 1, 0, 0, 1, 2, 2, 1, 2, 0, 2, 1, 1, 0, 1, 0, 0, 0,\n",
       "       2, 0, 1, 0, 0, 0, 0, 0, 0, 1, 1, 2, 1, 1, 2, 0, 2, 1, 1, 0, 2, 0,\n",
       "       0, 2, 1, 0, 2, 0, 0, 0, 2, 2, 1, 0, 1, 2, 0, 2, 2, 1, 2, 1, 1, 1,\n",
       "       1, 1, 2, 2, 1, 2, 0, 1, 0, 0, 2, 1, 2, 2, 2, 0, 1, 2, 0, 0, 0, 0,\n",
       "       1, 0, 0, 2, 1, 1, 2, 0, 0, 0, 0, 2, 2, 1, 0, 1, 0, 2, 0, 1, 0, 0,\n",
       "       1, 1, 2, 2, 2, 1, 2, 2, 2, 2, 0, 1, 0, 1, 2, 0, 1, 0, 0, 0, 0, 2,\n",
       "       1, 0, 1, 2, 2, 1, 2, 0, 1, 1, 0, 1, 0, 0, 2, 2, 1, 0, 1, 0, 0, 1,\n",
       "       0, 0, 0, 1, 0, 2, 2, 0, 2, 1, 2, 0, 0, 1, 1, 2, 1, 1, 0, 0, 1, 2,\n",
       "       2, 2, 0, 0, 2, 0, 0, 0, 1, 0, 0, 2, 0, 2, 1, 0, 2, 0, 0, 1, 0, 1,\n",
       "       2, 1, 1, 1, 0, 0, 2, 1, 1, 0, 1, 1, 1, 1, 1, 1, 2, 0, 1, 0, 2, 1,\n",
       "       1, 1, 1, 1, 1, 0, 0, 0, 2, 1, 0, 0, 0, 2])"
      ]
     },
     "execution_count": 5,
     "metadata": {},
     "output_type": "execute_result"
    }
   ],
   "source": [
    "y_pred = classifier.predict(x_test)\n",
    "\n",
    "y_pred"
   ]
  },
  {
   "cell_type": "code",
   "execution_count": 6,
   "id": "f5ef054e",
   "metadata": {},
   "outputs": [
    {
     "data": {
      "text/plain": [
       "array([[1.84403255e-02, 1.98720509e-01, 7.82839166e-01],\n",
       "       [2.46384079e-01, 6.45916890e-01, 1.07699031e-01],\n",
       "       [6.66819555e-01, 3.20985563e-01, 1.21948820e-02],\n",
       "       [1.01065142e-01, 1.19374495e-01, 7.79560364e-01],\n",
       "       [5.97691410e-01, 3.05564536e-02, 3.71752137e-01],\n",
       "       [6.79288326e-01, 6.86343691e-02, 2.52077305e-01],\n",
       "       [6.46010821e-01, 9.62772492e-02, 2.57711929e-01],\n",
       "       [4.19826515e-02, 3.52996943e-01, 6.05020405e-01],\n",
       "       [3.86702497e-01, 3.99708504e-01, 2.13588999e-01],\n",
       "       [4.06933674e-01, 2.46993451e-01, 3.46072875e-01],\n",
       "       [4.68417296e-01, 3.29888747e-01, 2.01693957e-01],\n",
       "       [8.67908590e-03, 4.70425420e-01, 5.20895494e-01],\n",
       "       [2.67113101e-01, 6.84480889e-01, 4.84060097e-02],\n",
       "       [3.88194039e-01, 5.81980686e-01, 2.98252750e-02],\n",
       "       [8.56695970e-02, 1.97008686e-01, 7.17321717e-01],\n",
       "       [5.08428351e-01, 3.17364537e-01, 1.74207112e-01],\n",
       "       [1.11177403e-01, 3.69264015e-01, 5.19558582e-01],\n",
       "       [5.94185612e-01, 2.85519673e-03, 4.02959192e-01],\n",
       "       [4.59104844e-01, 5.71701337e-02, 4.83725023e-01],\n",
       "       [5.73757813e-01, 3.59330555e-02, 3.90309132e-01],\n",
       "       [7.08755587e-02, 2.10707012e-01, 7.18417429e-01],\n",
       "       [7.49844078e-01, 7.74848811e-02, 1.72671041e-01],\n",
       "       [7.56679219e-01, 7.75122708e-02, 1.65808510e-01],\n",
       "       [1.15477684e-01, 8.58404411e-01, 2.61179047e-02],\n",
       "       [7.42144334e-02, 4.83485344e-01, 4.42300223e-01],\n",
       "       [4.09794270e-02, 6.22285233e-01, 3.36735340e-01],\n",
       "       [2.01172503e-01, 5.34137123e-01, 2.64690374e-01],\n",
       "       [4.12370979e-01, 1.89709660e-01, 3.97919362e-01],\n",
       "       [7.14860939e-01, 1.50948581e-01, 1.34190480e-01],\n",
       "       [2.37980972e-01, 8.65336169e-02, 6.75485411e-01],\n",
       "       [3.19406168e-02, 2.62462663e-01, 7.05596721e-01],\n",
       "       [7.38666214e-01, 1.88064979e-01, 7.32688075e-02],\n",
       "       [2.37637196e-01, 1.11106709e-01, 6.51256095e-01],\n",
       "       [2.18267654e-01, 7.40212507e-01, 4.15198393e-02],\n",
       "       [1.54506414e-01, 7.61037273e-01, 8.44563135e-02],\n",
       "       [4.27571217e-01, 3.99180796e-01, 1.73247987e-01],\n",
       "       [2.25735044e-01, 7.03434713e-01, 7.08302427e-02],\n",
       "       [5.56256477e-01, 4.32580893e-02, 4.00485434e-01],\n",
       "       [9.53831769e-02, 5.54760599e-01, 3.49856224e-01],\n",
       "       [5.20075473e-01, 1.96521416e-01, 2.83403112e-01],\n",
       "       [6.31352291e-01, 1.18860336e-01, 2.49787373e-01],\n",
       "       [5.58898035e-01, 1.11376150e-01, 3.29725815e-01],\n",
       "       [3.97630115e-01, 2.85024809e-01, 3.17345076e-01],\n",
       "       [6.09733088e-01, 3.48301520e-01, 4.19653916e-02],\n",
       "       [4.82534171e-01, 2.78210349e-01, 2.39255480e-01],\n",
       "       [6.61719476e-02, 8.50070834e-01, 8.37572186e-02],\n",
       "       [4.24883971e-02, 6.59390869e-01, 2.98120734e-01],\n",
       "       [1.59269763e-01, 7.58367704e-01, 8.23625338e-02],\n",
       "       [5.98130823e-01, 3.59631699e-01, 4.22374783e-02],\n",
       "       [4.38559560e-01, 4.30743058e-01, 1.30697382e-01],\n",
       "       [3.98979980e-01, 2.03791643e-01, 3.97228377e-01],\n",
       "       [3.56889368e-04, 5.72540745e-01, 4.27102366e-01],\n",
       "       [3.91122008e-01, 2.05550910e-01, 4.03327083e-01],\n",
       "       [1.70771955e-01, 7.67549190e-01, 6.16788546e-02],\n",
       "       [5.55617084e-01, 1.10373625e-01, 3.34009291e-01],\n",
       "       [4.56033444e-01, 4.04251375e-02, 5.03541419e-01],\n",
       "       [1.21565978e-01, 4.20338866e-01, 4.58095156e-01],\n",
       "       [7.29695180e-03, 7.47931408e-01, 2.44771640e-01],\n",
       "       [3.54424402e-01, 5.65291478e-01, 8.02841195e-02],\n",
       "       [9.81277879e-02, 8.62499807e-01, 3.93724051e-02],\n",
       "       [5.01865020e-01, 3.68176520e-01, 1.29958460e-01],\n",
       "       [8.52896699e-03, 4.17503039e-01, 5.73967994e-01],\n",
       "       [4.50230213e-01, 9.55426589e-02, 4.54227128e-01],\n",
       "       [3.50365070e-01, 6.11460770e-01, 3.81741598e-02],\n",
       "       [5.36997361e-01, 6.82485541e-02, 3.94754085e-01],\n",
       "       [2.75066276e-01, 6.70801930e-01, 5.41317938e-02],\n",
       "       [2.51479968e-01, 4.88714648e-01, 2.59805384e-01],\n",
       "       [1.28737764e-01, 2.16915364e-01, 6.54346872e-01],\n",
       "       [5.03848599e-01, 1.43457986e-01, 3.52693416e-01],\n",
       "       [4.63044630e-01, 4.39172435e-01, 9.77829354e-02],\n",
       "       [3.83702280e-01, 3.81740846e-01, 2.34556874e-01],\n",
       "       [2.68628069e-01, 6.79886289e-01, 5.14856421e-02],\n",
       "       [5.86335192e-01, 3.75258864e-02, 3.76138921e-01],\n",
       "       [5.04555284e-01, 8.02557255e-02, 4.15188990e-01],\n",
       "       [8.09074807e-02, 6.37268739e-01, 2.81823780e-01],\n",
       "       [1.82564299e-01, 2.41730396e-01, 5.75705305e-01],\n",
       "       [1.40348356e-01, 5.09997100e-02, 8.08651934e-01],\n",
       "       [3.37417347e-01, 5.48395394e-01, 1.14187259e-01],\n",
       "       [1.37162744e-01, 2.76215133e-01, 5.86622122e-01],\n",
       "       [5.00015661e-01, 1.17234851e-01, 3.82749488e-01],\n",
       "       [8.67513276e-02, 3.16681520e-01, 5.96567152e-01],\n",
       "       [9.44730287e-02, 6.68971717e-01, 2.36555254e-01],\n",
       "       [2.37945143e-01, 7.01748351e-01, 6.03065053e-02],\n",
       "       [7.39510248e-01, 5.50098344e-02, 2.05479918e-01],\n",
       "       [9.32692918e-02, 6.39994113e-01, 2.66736595e-01],\n",
       "       [6.64866581e-01, 1.96310672e-01, 1.38822747e-01],\n",
       "       [4.03235260e-01, 3.90316261e-01, 2.06448479e-01],\n",
       "       [5.00630697e-01, 2.43982819e-01, 2.55386484e-01],\n",
       "       [4.20340395e-01, 1.40357216e-01, 4.39302389e-01],\n",
       "       [7.66186461e-01, 1.51248706e-01, 8.25648337e-02],\n",
       "       [4.43821498e-01, 5.17719668e-01, 3.84588343e-02],\n",
       "       [4.78824899e-01, 6.73700300e-02, 4.53805071e-01],\n",
       "       [5.00979536e-01, 9.32929016e-02, 4.05727562e-01],\n",
       "       [5.50196833e-01, 8.87956177e-03, 4.40923605e-01],\n",
       "       [5.84765234e-01, 2.41393366e-01, 1.73841400e-01],\n",
       "       [4.44718949e-01, 1.71724092e-01, 3.83556960e-01],\n",
       "       [5.12399908e-01, 3.79476883e-02, 4.49652404e-01],\n",
       "       [1.28727842e-01, 6.64744423e-01, 2.06527736e-01],\n",
       "       [1.69081770e-02, 9.05093543e-01, 7.79982804e-02],\n",
       "       [1.51403252e-01, 3.75022655e-01, 4.73574093e-01],\n",
       "       [1.32073459e-01, 8.54593547e-01, 1.33329946e-02],\n",
       "       [7.44159692e-02, 8.92083245e-01, 3.35007858e-02],\n",
       "       [4.66897639e-01, 5.06504077e-02, 4.82451954e-01],\n",
       "       [5.32495735e-01, 4.52831917e-01, 1.46723480e-02],\n",
       "       [1.99201518e-02, 2.64558500e-01, 7.15521348e-01],\n",
       "       [1.64761847e-01, 6.56178299e-01, 1.79059854e-01],\n",
       "       [8.42462472e-03, 8.76025212e-01, 1.15550164e-01],\n",
       "       [5.85877994e-01, 2.19125903e-02, 3.92209416e-01],\n",
       "       [1.21633300e-01, 1.71853377e-01, 7.06513324e-01],\n",
       "       [6.37723510e-01, 1.09149057e-01, 2.53127433e-01],\n",
       "       [5.88363677e-01, 3.46730075e-01, 6.49062476e-02],\n",
       "       [4.12523820e-02, 4.48363242e-01, 5.10384376e-01],\n",
       "       [9.29448039e-02, 8.46493064e-01, 6.05621324e-02],\n",
       "       [7.26718312e-01, 9.45537263e-02, 1.78727962e-01],\n",
       "       [3.31008748e-01, 2.32434368e-01, 4.36556884e-01],\n",
       "       [4.90481284e-01, 5.02071655e-02, 4.59311551e-01],\n",
       "       [4.86068759e-01, 8.67139777e-02, 4.27217263e-01],\n",
       "       [4.69821450e-01, 1.28179343e-01, 4.01999207e-01],\n",
       "       [2.94096316e-01, 1.12302543e-01, 5.93601141e-01],\n",
       "       [4.18358450e-01, 1.48681040e-01, 4.32960510e-01],\n",
       "       [7.70964604e-02, 8.87995427e-01, 3.49081126e-02],\n",
       "       [4.76495113e-01, 1.20320549e-01, 4.03184337e-01],\n",
       "       [1.54013251e-01, 8.29725709e-01, 1.62610402e-02],\n",
       "       [3.19444377e-02, 3.59975902e-01, 6.08079661e-01],\n",
       "       [5.99469142e-01, 6.39012315e-02, 3.36629627e-01],\n",
       "       [1.53554369e-01, 1.22165742e-01, 7.24279889e-01],\n",
       "       [5.35147155e-02, 1.92302526e-01, 7.54182758e-01],\n",
       "       [2.36514397e-01, 7.48591462e-01, 1.48941409e-02],\n",
       "       [4.13675753e-01, 6.06149964e-02, 5.25709250e-01],\n",
       "       [2.72222263e-01, 5.71630352e-01, 1.56147385e-01],\n",
       "       [3.80103915e-01, 4.32437456e-01, 1.87458628e-01],\n",
       "       [4.40364300e-01, 5.30547202e-01, 2.90884981e-02],\n",
       "       [5.27209496e-02, 8.81381242e-01, 6.58978083e-02],\n",
       "       [3.28763472e-01, 6.55561441e-01, 1.56750880e-02],\n",
       "       [3.17212984e-02, 2.05752937e-01, 7.62525764e-01],\n",
       "       [1.32979504e-01, 4.22656064e-02, 8.24754890e-01],\n",
       "       [3.03191979e-01, 4.78798956e-01, 2.18009065e-01],\n",
       "       [6.57135887e-02, 4.40530146e-01, 4.93756266e-01],\n",
       "       [4.36181206e-01, 3.20016995e-01, 2.43801798e-01],\n",
       "       [3.12403848e-01, 4.84788789e-01, 2.02807363e-01],\n",
       "       [3.65522671e-01, 3.50671510e-01, 2.83805819e-01],\n",
       "       [6.61246434e-01, 1.53129054e-01, 1.85624512e-01],\n",
       "       [5.83751304e-02, 1.02606512e-01, 8.39018357e-01],\n",
       "       [5.19967100e-02, 4.81805307e-01, 4.66197983e-01],\n",
       "       [4.54927675e-03, 3.64303526e-01, 6.31147197e-01],\n",
       "       [1.29898385e-01, 2.01955352e-01, 6.68146263e-01],\n",
       "       [4.78966162e-01, 1.26937544e-02, 5.08340084e-01],\n",
       "       [4.40376473e-01, 1.95292395e-01, 3.64331132e-01],\n",
       "       [1.91369414e-01, 7.57434314e-01, 5.11962724e-02],\n",
       "       [1.16012334e-01, 2.04803513e-01, 6.79184153e-01],\n",
       "       [5.49536615e-01, 8.26029518e-02, 3.67860434e-01],\n",
       "       [3.65101878e-01, 3.02792323e-01, 3.32105800e-01],\n",
       "       [5.92683680e-01, 8.83806233e-02, 3.18935697e-01],\n",
       "       [8.23048136e-01, 7.92024048e-02, 9.77494596e-02],\n",
       "       [1.08349441e-01, 5.74105078e-01, 3.17545481e-01],\n",
       "       [5.98465062e-01, 9.77779076e-02, 3.03757030e-01],\n",
       "       [5.19280624e-01, 4.55438749e-01, 2.52806271e-02],\n",
       "       [5.19141061e-02, 2.60256810e-01, 6.87829084e-01],\n",
       "       [5.77798962e-02, 6.29415580e-01, 3.12804523e-01],\n",
       "       [3.14057876e-01, 6.83798679e-01, 2.14344475e-03],\n",
       "       [9.48744712e-02, 4.38894486e-01, 4.66231043e-01],\n",
       "       [4.79009681e-01, 1.48142397e-01, 3.72847921e-01],\n",
       "       [4.56890483e-01, 1.75045870e-01, 3.68063648e-01],\n",
       "       [5.69054004e-01, 1.29096860e-02, 4.18036310e-01],\n",
       "       [5.09583494e-01, 3.19192891e-01, 1.71223615e-01],\n",
       "       [4.74287785e-02, 3.34188575e-01, 6.18382646e-01],\n",
       "       [6.31544644e-02, 2.15679623e-01, 7.21165913e-01],\n",
       "       [1.22064948e-03, 6.71027805e-01, 3.27751545e-01],\n",
       "       [4.15957113e-01, 2.88054327e-01, 2.95988560e-01],\n",
       "       [2.69106542e-01, 4.48346319e-01, 2.82547139e-01],\n",
       "       [5.03115462e-01, 7.64974908e-02, 4.20387047e-01],\n",
       "       [8.94402028e-02, 1.05018905e-01, 8.05540892e-01],\n",
       "       [5.15462803e-01, 3.87342601e-01, 9.71945960e-02],\n",
       "       [1.03715526e-01, 8.10218537e-01, 8.60659372e-02],\n",
       "       [5.30999649e-01, 2.90735395e-01, 1.78264956e-01],\n",
       "       [5.90046152e-01, 8.60398381e-02, 3.23914010e-01],\n",
       "       [1.22371666e-01, 8.06247005e-01, 7.13813289e-02],\n",
       "       [1.09189449e-01, 6.79540953e-01, 2.11269597e-01],\n",
       "       [4.82450623e-01, 3.16417776e-02, 4.85907599e-01],\n",
       "       [3.66266120e-01, 1.00598754e-01, 5.33135127e-01],\n",
       "       [3.06161920e-01, 5.51049472e-02, 6.38733132e-01],\n",
       "       [5.25754169e-02, 8.31651641e-01, 1.15772942e-01],\n",
       "       [3.53987684e-01, 1.45839845e-01, 5.00172471e-01],\n",
       "       [2.66509231e-01, 1.22580836e-01, 6.10909933e-01],\n",
       "       [6.33031087e-02, 1.15799274e-01, 8.20897617e-01],\n",
       "       [1.38997912e-01, 4.15645021e-01, 4.45357067e-01],\n",
       "       [5.16792210e-01, 5.04419410e-02, 4.32765849e-01],\n",
       "       [2.44096897e-01, 5.02524108e-01, 2.53378996e-01],\n",
       "       [5.40751439e-01, 1.29546920e-01, 3.29701641e-01],\n",
       "       [7.56119704e-02, 5.45053276e-01, 3.79334754e-01],\n",
       "       [1.59410184e-01, 1.32243290e-02, 8.27365487e-01],\n",
       "       [7.61458423e-01, 1.10582443e-02, 2.27483333e-01],\n",
       "       [9.59677822e-02, 8.35640775e-01, 6.83914425e-02],\n",
       "       [5.43701561e-01, 4.33065021e-01, 2.32334178e-02],\n",
       "       [6.09776577e-01, 4.43822732e-02, 3.45841150e-01],\n",
       "       [4.10714327e-01, 2.11049812e-01, 3.78235861e-01],\n",
       "       [5.93120174e-01, 3.74769025e-01, 3.21108017e-02],\n",
       "       [3.24279707e-02, 3.11305870e-01, 6.56266160e-01],\n",
       "       [1.92149777e-01, 7.75875879e-01, 3.19743442e-02],\n",
       "       [5.98213901e-01, 3.62932786e-01, 3.88533127e-02],\n",
       "       [1.00658957e-01, 8.37574766e-01, 6.17662767e-02],\n",
       "       [9.34477663e-02, 2.78316643e-01, 6.28235590e-01],\n",
       "       [7.59926205e-02, 3.22263290e-01, 6.01744090e-01],\n",
       "       [4.80413569e-01, 5.15498224e-01, 4.08820739e-03],\n",
       "       [3.03083089e-02, 3.30128116e-01, 6.39563575e-01],\n",
       "       [5.30315110e-01, 7.29800602e-02, 3.96704830e-01],\n",
       "       [8.35737836e-02, 7.35874727e-01, 1.80551490e-01],\n",
       "       [3.39202068e-01, 6.27318669e-01, 3.34792627e-02],\n",
       "       [4.14752560e-01, 1.93720537e-01, 3.91526902e-01],\n",
       "       [2.38760758e-01, 6.14734814e-01, 1.46504428e-01],\n",
       "       [6.14697035e-01, 1.39950373e-01, 2.45352592e-01],\n",
       "       [5.93249661e-01, 5.14722443e-02, 3.55278095e-01],\n",
       "       [2.15629172e-02, 4.49102919e-01, 5.29334164e-01],\n",
       "       [4.26785737e-01, 2.66311105e-03, 5.70551152e-01],\n",
       "       [7.44610159e-02, 7.54783212e-01, 1.70755772e-01],\n",
       "       [4.25094271e-01, 1.92431845e-01, 3.82473885e-01],\n",
       "       [2.83157231e-01, 4.52947355e-01, 2.63895414e-01],\n",
       "       [4.43465910e-01, 2.56682481e-01, 2.99851609e-01],\n",
       "       [5.54676058e-01, 1.56434474e-02, 4.29680495e-01],\n",
       "       [4.04538425e-01, 4.17449491e-01, 1.78012085e-01],\n",
       "       [6.86192373e-01, 8.72188608e-02, 2.26588766e-01],\n",
       "       [4.67285029e-01, 3.16541585e-01, 2.16173385e-01],\n",
       "       [5.54685122e-01, 1.14471696e-01, 3.30843183e-01],\n",
       "       [1.89552854e-01, 7.95783598e-01, 1.46635484e-02],\n",
       "       [5.83303826e-01, 3.59081117e-01, 5.76150574e-02],\n",
       "       [7.85745232e-02, 1.48429821e-01, 7.72995656e-01],\n",
       "       [6.69681868e-02, 1.19131281e-01, 8.13900532e-01],\n",
       "       [7.86528019e-01, 2.84326108e-02, 1.85039370e-01],\n",
       "       [2.36122262e-02, 1.68139125e-01, 8.08248649e-01],\n",
       "       [1.68412541e-01, 5.19529502e-01, 3.12057957e-01],\n",
       "       [1.20901635e-01, 9.37123529e-02, 7.85386012e-01],\n",
       "       [4.47543519e-01, 2.98702314e-01, 2.53754167e-01],\n",
       "       [4.90242551e-01, 4.11890648e-01, 9.78668009e-02],\n",
       "       [6.34341134e-02, 9.12627155e-01, 2.39387317e-02],\n",
       "       [3.45419938e-01, 5.15660368e-01, 1.38919694e-01],\n",
       "       [4.28991727e-01, 6.37581053e-03, 5.64632462e-01],\n",
       "       [2.97524619e-01, 5.89230698e-01, 1.13244684e-01],\n",
       "       [4.73210289e-03, 8.59896951e-01, 1.35370946e-01],\n",
       "       [7.97019888e-01, 7.29208969e-02, 1.30059215e-01],\n",
       "       [5.49383498e-01, 1.24779133e-01, 3.25837369e-01],\n",
       "       [3.45941615e-01, 6.38711045e-01, 1.53473403e-02],\n",
       "       [1.32154746e-01, 3.18499501e-01, 5.49345753e-01],\n",
       "       [3.24698234e-01, 1.24061021e-01, 5.51240746e-01],\n",
       "       [7.27858991e-03, 2.62020412e-01, 7.30700998e-01],\n",
       "       [5.86774330e-01, 9.90183425e-02, 3.14207328e-01],\n",
       "       [4.58327086e-01, 1.55167544e-01, 3.86505369e-01],\n",
       "       [2.17258757e-01, 1.16665239e-01, 6.66076005e-01],\n",
       "       [5.54576181e-01, 1.35002111e-01, 3.10421709e-01],\n",
       "       [5.32524096e-01, 2.82752450e-01, 1.84723454e-01],\n",
       "       [6.43614402e-01, 3.38251757e-01, 1.81338416e-02],\n",
       "       [6.83779578e-02, 9.13190847e-01, 1.84311954e-02],\n",
       "       [4.33584592e-01, 2.91140281e-01, 2.75275127e-01],\n",
       "       [6.86553325e-01, 2.53132656e-01, 6.03140194e-02],\n",
       "       [1.88929211e-01, 1.77949642e-01, 6.33121146e-01],\n",
       "       [4.47100822e-01, 2.73046139e-01, 2.79853039e-01],\n",
       "       [5.25023488e-02, 2.27363588e-01, 7.20134064e-01],\n",
       "       [1.96459398e-01, 7.12879781e-01, 9.06608213e-02],\n",
       "       [6.09885527e-01, 3.76618298e-02, 3.52452644e-01],\n",
       "       [7.65726985e-02, 2.50416327e-01, 6.73010974e-01],\n",
       "       [4.65315704e-01, 4.42926233e-01, 9.17580626e-02],\n",
       "       [3.81238517e-01, 3.66440158e-01, 2.52321325e-01],\n",
       "       [2.66089965e-01, 7.15638885e-01, 1.82711501e-02],\n",
       "       [5.70511430e-01, 1.61240459e-01, 2.68248111e-01],\n",
       "       [2.37230740e-01, 7.28170372e-01, 3.45988879e-02],\n",
       "       [2.12959081e-01, 2.15393308e-01, 5.71647611e-01],\n",
       "       [3.09204392e-01, 6.77776773e-01, 1.30188350e-02],\n",
       "       [5.58922494e-02, 6.83472350e-01, 2.60635400e-01],\n",
       "       [3.91669517e-01, 5.72261154e-01, 3.60693286e-02],\n",
       "       [6.46802468e-01, 2.41645548e-01, 1.11551984e-01],\n",
       "       [6.71777633e-01, 1.62735816e-01, 1.65486551e-01],\n",
       "       [1.76129918e-01, 2.25288172e-01, 5.98581910e-01],\n",
       "       [1.52707571e-01, 7.40887925e-01, 1.06404504e-01],\n",
       "       [2.92125048e-01, 6.36574245e-01, 7.13007071e-02],\n",
       "       [6.81809985e-01, 1.37698230e-01, 1.80491786e-01],\n",
       "       [3.33300383e-01, 5.62921915e-01, 1.03777702e-01],\n",
       "       [1.70938670e-02, 5.46993903e-01, 4.35912230e-01],\n",
       "       [4.25916906e-02, 7.51924476e-01, 2.05483834e-01],\n",
       "       [9.00109110e-02, 4.90688609e-01, 4.19300480e-01],\n",
       "       [2.68369518e-01, 6.92289856e-01, 3.93406260e-02],\n",
       "       [1.16719353e-01, 7.13768925e-01, 1.69511721e-01],\n",
       "       [4.63867869e-01, 5.56985704e-02, 4.80433561e-01],\n",
       "       [7.04637446e-01, 6.61622749e-02, 2.29200279e-01],\n",
       "       [1.30917448e-01, 8.09606718e-01, 5.94758340e-02],\n",
       "       [6.93051072e-01, 8.09502908e-04, 3.06139425e-01],\n",
       "       [1.46200985e-02, 4.63888554e-01, 5.21491347e-01],\n",
       "       [1.07686176e-01, 8.71320164e-01, 2.09936607e-02],\n",
       "       [1.79223785e-01, 7.26372110e-01, 9.44041044e-02],\n",
       "       [4.05082107e-02, 5.68033681e-01, 3.91458108e-01],\n",
       "       [2.93016901e-01, 5.18289211e-01, 1.88693889e-01],\n",
       "       [2.87425180e-02, 6.81227562e-01, 2.90029920e-01],\n",
       "       [2.00382952e-01, 7.36552633e-01, 6.30644145e-02],\n",
       "       [4.86564379e-01, 4.15206988e-01, 9.82286333e-02],\n",
       "       [5.02118746e-01, 1.90560605e-02, 4.78825193e-01],\n",
       "       [5.57384672e-01, 9.38074330e-02, 3.48807895e-01],\n",
       "       [7.77744211e-02, 1.93798568e-01, 7.28427011e-01],\n",
       "       [3.98149187e-01, 4.91311204e-01, 1.10539610e-01],\n",
       "       [6.00516873e-01, 9.51938832e-02, 3.04289244e-01],\n",
       "       [6.22752379e-01, 2.37354204e-01, 1.39893417e-01],\n",
       "       [7.45898358e-01, 1.50337352e-01, 1.03764290e-01],\n",
       "       [4.31046545e-01, 2.97315333e-02, 5.39221921e-01]])"
      ]
     },
     "execution_count": 6,
     "metadata": {},
     "output_type": "execute_result"
    }
   ],
   "source": [
    "classifier.predict_proba(x_test)"
   ]
  },
  {
   "cell_type": "markdown",
   "id": "8e5a255c",
   "metadata": {},
   "source": [
    "---"
   ]
  },
  {
   "cell_type": "markdown",
   "id": "953ed70b",
   "metadata": {},
   "source": [
    "### <font color = 'Blue'> 6. Performance metrics"
   ]
  },
  {
   "cell_type": "code",
   "execution_count": 7,
   "id": "f30d4cdd",
   "metadata": {},
   "outputs": [
    {
     "name": "stdout",
     "output_type": "stream",
     "text": [
      "[[75 17  8]\n",
      " [17 68 15]\n",
      " [29 15 56]]\n",
      "\n",
      "0.6633333333333333\n",
      "\n",
      "              precision    recall  f1-score   support\n",
      "\n",
      "           0       0.62      0.75      0.68       100\n",
      "           1       0.68      0.68      0.68       100\n",
      "           2       0.71      0.56      0.63       100\n",
      "\n",
      "    accuracy                           0.66       300\n",
      "   macro avg       0.67      0.66      0.66       300\n",
      "weighted avg       0.67      0.66      0.66       300\n",
      "\n",
      "\n"
     ]
    }
   ],
   "source": [
    "from sklearn.metrics import confusion_matrix, accuracy_score, classification_report\n",
    "\n",
    "print(confusion_matrix(y_test,y_pred))\n",
    "print()\n",
    "print(accuracy_score(y_test,y_pred))\n",
    "print()\n",
    "print(classification_report(y_test,y_pred))\n",
    "print()"
   ]
  },
  {
   "cell_type": "markdown",
   "id": "ea2e8010",
   "metadata": {},
   "source": [
    "---"
   ]
  }
 ],
 "metadata": {
  "kernelspec": {
   "display_name": "Python 3 (ipykernel)",
   "language": "python",
   "name": "python3"
  },
  "language_info": {
   "codemirror_mode": {
    "name": "ipython",
    "version": 3
   },
   "file_extension": ".py",
   "mimetype": "text/x-python",
   "name": "python",
   "nbconvert_exporter": "python",
   "pygments_lexer": "ipython3",
   "version": "3.9.13"
  }
 },
 "nbformat": 4,
 "nbformat_minor": 5
}
